offset:
  head_pan: -0.012217304763960306
  head_tilt: -0.43109632524259939
  l_ank_pitch: 0.047647488579445195
  l_ank_roll: 0.012217304763960306
  l_hip_pitch: 0.31922072018976283
  l_hip_roll: 0.073652894434160704
  l_hip_yaw: -0.065798912800186224
  l_knee: 0.034906585039886591
  l_sho_pitch: 0.055326937288220246
  l_sho_roll: -0.86201811755999935
  r_ank_pitch: -0.082903139469730644
  r_ank_roll: 0.18727382873899157
  r_hip_pitch: -0.40962877544306914
  r_hip_roll: 0.055326937288220246
  r_hip_yaw: -0.016929693744344998
  r_knee: -0.043633231299858237
  r_sho_pitch: 0.013788101090755204
  r_sho_roll: 0.79342667795662214
  l_el: 0
  r_el: 0
init_pose_for_offset_tuner:
  head_pan: 0
  head_tilt: 0
  l_ank_pitch: 0
  l_ank_roll: 0
  l_hip_pitch: 0
  l_hip_roll: 0
  l_hip_yaw: 0
  l_knee: 0
  l_sho_pitch: 0
  l_sho_roll: 0
  r_ank_pitch: 0
  r_ank_roll: 0
  r_hip_pitch: 0
  r_hip_roll: 0
  r_hip_yaw: 0
  r_knee: 0
  r_sho_pitch: 0
  r_sho_roll: 0
